ddasac
0
1
111
0
1.0e-4
1.0e-5
0.0
0
batch
concentration
0.0e0
3.0e0
0.0e0
1.0e0
533.15
533.15
0
0
10 7200 10
1.0e0
5
5
198.22
792880
1554045
792880
1554045
1.96000025224498
4000
7840.00100897992
1.0e0
1.0e0
0.0e0
0.0e0
1.0e0
0.8e0
0.8e0
1.0e0
1.0e0
0.1e0
0.5e0
0.00e0
2.00e0
2.0e0
533.15
0.76e0
0.24e0
0
0.00332225913621262
0.0e0
0.0252244980324892
0.0e0
0.0252244980324892
0.0504363838159621
1
0.0504363838159621
1.0e-10
1.0e-10
1.0e-10
1.0
1.0e-10
1.0
1.0e-10
1.0e9
500
1
1
0
2
1
0
0
1
2
100
3.14159265359
0.5
0.3333333
6.30612450812229e-06
0.0252244980324892
197.760090025727
2309838.25057241
1.0e0
10
0.9e0
0.9e0
0.9e0
1.1e0
1.0e-20
1.0e-19
1.0e-18
1.0e0
1.0e1
10
0.9e0
1.1e0
0.0e0
0.0e0
0.0e0
1
0.0e0
0.0e0
0.0e0
2
6.30612450812229e-06
0.0252244980324892
197.760090025727
6.30612450812229e-06
0.0252244980324892
197.760090025727
6.30612450812229e-06
0.0252244980324892
197.760090025727
0.0e0
0.0e0
0.0e0
0.0e0
0.0e0
0.0e0
1.0e-20
1.0e-19
10.0e0
1.0e-20
1.0e-19
10.0e0
1.0e-20
1.0e-19
1.0e0
1.0e0
0.0e0
